Needed:
	IP	4
	MAC	6
	DATA	512
	TIMINGS?
	STACK

SRAM
0	next packet ptr low
1	next packet ptr high
2	menu position
3
4
5
6
7
8
9
10
11
12
13
14
15
16
17
18
19
20	DATA 1
21	DATA 2
22	DATA 3
23	DATA 4
24	DATA 5
25	DATA 6
26	DATA 7
27	DATA 8
28	DATA 9
29	DATA 10
30	DATA 11
31	DATA 12
32	DATA 13
33	DATA 14
34	DATA 15
35	DATA 16
36	DATA 17
37	DATA 18
38	DATA 19
39	DATA 20
40	DATA 21
41	DATA 22
42	DATA 23
43	DATA 24
44	DATA 25
45	DATA 26
46	DATA 27
47	DATA 28
48	DATA 29
49	DATA 30
50	DATA 31
51	DATA 32
52	DATA 33
53	DATA 34
54	DATA 35
55	DATA 36
56	DATA 37
57	DATA 38
58	DATA 39
59	DATA 40
60	DATA 41
61	DATA 42
62	DATA 43
63	DATA 44
64	DATA 45
65	DATA 46
66	DATA 47
67	DATA 48
68	DATA 49
69	DATA 50
70	...
71
72
73
74
75
76
77
78
79
80
81
82
83
84
85
86
87
88
89
90
91
92
93
94
95
96
97
98
99
100
101
102
103
104
105
106
107
108
109
110
111
112
113
114
115
116
117
118
119
120
121
122
123
124
125
126
127
128
129
130
131
132
133
134
135
136
137
138
139
140
141
142
143
144
145
146
147
148
149
150
151
152
153
154
155
156
157
158
159
160
161
162
163
164
165
166
167
168
169
170
171
172
173
174
175
176
177
178
179
180
181
182
183
184
185
186
187
188
189
190
191
192
193
194
195
196
197
198
199
200
201
202
203
204
205
206
207
208
209
210
211
212
213
214
215
216
217
218
219
220
221
222
223
224
225
226
227
228
229
230
231
232
233
234
235
236
237
238
239
240
241
242
243
244
245
246
247
248
249
250
251
252
253
254
255
256
257
258
259
260
261
262
263
264
265
266
267
268
269
270
271
272
273
274
275
276
277
278
279
280
281
282
283
284
285
286
287
288
289
290
291
292
293
294
295
296
297
298
299
300
301
302
303
304
305
306
307
308
309
310
311
312
313
314
315
316
317
318
319
320
321
322
323
324
325
326
327
328
329
330
331
332
333
334
335
336
337
338
339
340
341
342
343
344
345
346
347
348
349
350
351
352
353
354
355
356
357
358
359
360
361
362
363
364
365
366
367
368
369
370
371
372
373
374
375
376
377
378
379
380
381
382
383
384
385
386
387
388
389
390
391
392
393
394
395
396
397
398
399
400
401
402
403
404
405
406
407
408
409
410
411
412
413
414
415
416
417
418
419
420
421
422
423
424
425
426
427
428
429
430
431
432
433
434
435
436
437
438
439
440
441
442
443
444
445
446
447
448
449
450
451
452
453
454
455
456
457
458
459
460
461
462
463
464
465
466
467
468
469
470
471
472
473
474
475
476
477
478
479
480
481
482
483
484
485
486
487
488
489
490
491
492
493
494
495
496
497
498
499
500
501
502
503
504
505
506
507
508
509
510
511
512
513
514
515
516
517
518
519
520
521
522
523
524
525
526
527
528
529
530
531
532	DATA 512
533
534
535
536
537
538
539
540
541
542
543
544
545
546
547
548
549
550
551
552
553
554
555
556
557
558
559
560
561
562
563
564
565
566
567
568
569
570
571
572
573
574
575
576
577
578
579
580
581
582
583
584
585
586
587
588
589
590
591
592
593
594
595
596
597
598
599
600
601
602
603
604
605
606
607
608
609
610
611
612
613
614
615
616
617
618
619
620
621
622
623
624
625
626
627
628
629
630
631
632
633
634
635
636
637
638
639
640
641
642
643
644
645
646
647
648
649
650
651
652
653
654
655
656
657
658
659
660
661
662
663
664
665
666
667
668
669
670
671
672
673
674
675
676
677
678
679
680
681
682
683
684
685
686
687
688
689
690
691
692
693
694
695
696
697
698
699
700
701
702
703
704
705
706
707
708
709
710
711
712
713
714
715
716
717
718
719
720
721
722
723
724
725
726
727
728
729
730
731
732
733
734
735
736
737
738
739
740
741
742
743
744
745
746
747
748
749
750	STACK
751	STACK
752	STACK
753	STACK
754	STACK
755	STACK
756	STACK
757	STACK
758	STACK
759	STACK
760	STACK
761	STACK
762	STACK
763	STACK
764	STACK
765	STACK
766	STACK
767	STACK
768	STACK
769	STACK
770	STACK
771	STACK
772	STACK
773	STACK
774	STACK
775	STACK
776	STACK
777	STACK
778	STACK
779	STACK
780	STACK
781	STACK
782	STACK
783	STACK
784	STACK
785	STACK
786	STACK
787	STACK
788	STACK
789	STACK
790	STACK
791	STACK
792	STACK
793	STACK
794	STACK
795	STACK
796	STACK
797	STACK
798	STACK
799	STACK
800	STACK
801	STACK
802	STACK
803	STACK
804	STACK
805	STACK
806	STACK
807	STACK
808	STACK
809	STACK
810	STACK
811	STACK
812	STACK
813	STACK
814	STACK
815	STACK
816	STACK
817	STACK
818	STACK
819	STACK
820	STACK
821	STACK
822	STACK
823	STACK
824	STACK
825	STACK
826	STACK
827	STACK
828	STACK
829	STACK
830	STACK
831	STACK
832	STACK
833	STACK
834	STACK
835	STACK
836	STACK
837	STACK
838	STACK
839	STACK
840	STACK
841	STACK
842	STACK
843	STACK
844	STACK
845	STACK
846	STACK
847	STACK
848	STACK
849	STACK
850	STACK
851	STACK
852	STACK
853	STACK
854	STACK
855	STACK
856	STACK
857	STACK
858	STACK
859	STACK
860	STACK
861	STACK
862	STACK
863	STACK
864	STACK
865	STACK
866	STACK
867	STACK
868	STACK
869	STACK
870	STACK
871	STACK
872	STACK
873	STACK
874	STACK
875	STACK
876	STACK
877	STACK
878	STACK
879	STACK
880	STACK
881	STACK
882	STACK
883	STACK
884	STACK
885	STACK
886	STACK
887	STACK
888	STACK
889	STACK
890	STACK
891	STACK
892	STACK
893	STACK
894	STACK
895	STACK
896	STACK
897	STACK
898	STACK
899	STACK
900	STACK
901	STACK
902	STACK
903	STACK
904	STACK
905	STACK
906	STACK
907	STACK
908	STACK
909	STACK
910	STACK
911	STACK
912	STACK
913	STACK
914	STACK
915	STACK
916	STACK
917	STACK
918	STACK
919	STACK
920	STACK
921	STACK
922	STACK
923	STACK
924	STACK
925	STACK
926	STACK
927	STACK
928	STACK
929	STACK
930	STACK
931	STACK
932	STACK
933	STACK
934	STACK
935	STACK
936	STACK
937	STACK
938	STACK
939	STACK
940	STACK
941	STACK
942	STACK
943	STACK
944	STACK
945	STACK
946	STACK
947	STACK
948	STACK
949	STACK
950	STACK
951	STACK
952	STACK
953	STACK
954	STACK
955	STACK
956	STACK
957	STACK
958	STACK
959	STACK
960	STACK
961	STACK
962	STACK
963	STACK
964	STACK
965	STACK
966	STACK
967	STACK
968	STACK
969	STACK
970	STACK
971	STACK
972	STACK
973	STACK
974	STACK
975	STACK
976	STACK
977	STACK
978	STACK
979	STACK
980	STACK
981	STACK
982	STACK
983	STACK
984	STACK
985	STACK
986	STACK
987	STACK
988	STACK
989	STACK
990	STACK
991	STACK
992	STACK
993	STACK
994	STACK
995	STACK
996	STACK
997	STACK
998	STACK
999	STACK
1000	STACK
1001	STACK
1002	STACK
1003	STACK
1004	STACK
1005	STACK
1006	STACK
1007	STACK
1008	STACK
1009	STACK
1010	STACK
1011	STACK
1012	STACK
1013	STACK
1014	STACK
1015	STACK
1016	STACK
1017	STACK
1018	STACK
1019	STACK
1020	STACK
1021	STACK
1022	STACK
1023	STACK
